runId,profile,agent,process,thread,iteration,inputIndex,startedAtEpochMs,elapsedMs,httpStatus,success,failure,failureRoot,responseBytes
count-removal-20261007-load-vu30-r1-test_528,search-frequent-authenticated,0,0,24,0,0,1791363718542,783.663,200,true,,,12338
count-removal-20261007-load-vu30-r1-test_528,search-frequent-authenticated,0,0,24,1,0,1791363719326,564.963,200,true,,,12338
count-removal-20261007-load-vu30-r1-test_528,search-frequent-authenticated,0,0,24,2,0,1791363719892,482.421,200,true,,,12338
count-removal-20261007-load-vu30-r1-test_528,search-frequent-authenticated,0,0,24,3,0,1791363720375,683.466,200,true,,,12338
count-removal-20261007-load-vu30-r1-test_528,search-frequent-authenticated,0,0,24,4,0,1791363721059,852.615,200,true,,,12338
count-removal-20261007-load-vu30-r1-test_528,search-frequent-authenticated,0,0,24,5,0,1791363721912,321.457,200,true,,,12338
count-removal-20261007-load-vu30-r1-test_528,search-frequent-authenticated,0,0,24,6,0,1791363722234,823.039,200,true,,,12338
count-removal-20261007-load-vu30-r1-test_528,search-frequent-authenticated,0,0,24,7,0,1791363723057,682.271,200,true,,,12338
count-removal-20261007-load-vu30-r1-test_528,search-frequent-authenticated,0,0,24,8,0,1791363723740,604.802,200,true,,,12338
count-removal-20261007-load-vu30-r1-test_528,search-frequent-authenticated,0,0,24,9,0,1791363724346,595.169,200,true,,,12338
count-removal-20261007-load-vu30-r1-test_528,search-frequent-authenticated,0,0,24,10,0,1791363724941,1171.438,200,true,,,12338
count-removal-20261007-load-vu30-r1-test_528,search-frequent-authenticated,0,0,24,11,0,1791363726113,1271.655,200,true,,,12338
count-removal-20261007-load-vu30-r1-test_528,search-frequent-authenticated,0,0,24,12,0,1791363727385,441.964,200,true,,,12338
count-removal-20261007-load-vu30-r1-test_528,search-frequent-authenticated,0,0,24,13,0,1791363727827,1050.270,200,true,,,12338
count-removal-20261007-load-vu30-r1-test_528,search-frequent-authenticated,0,0,24,14,0,1791363728878,1234.900,200,true,,,12338
count-removal-20261007-load-vu30-r1-test_528,search-frequent-authenticated,0,0,24,15,0,1791363730096,665.258,200,true,,,12338
count-removal-20261007-load-vu30-r1-test_528,search-frequent-authenticated,0,0,24,16,0,1791363730762,1181.265,200,true,,,12338
count-removal-20261007-load-vu30-r1-test_528,search-frequent-authenticated,0,0,24,17,0,1791363731943,817.578,200,true,,,12338
count-removal-20261007-load-vu30-r1-test_528,search-frequent-authenticated,0,0,24,18,0,1791363732761,863.336,200,true,,,12338
count-removal-20261007-load-vu30-r1-test_528,search-frequent-authenticated,0,0,24,19,0,1791363733625,810.226,200,true,,,12338
count-removal-20261007-load-vu30-r1-test_528,search-frequent-authenticated,0,0,24,20,0,1791363734435,902.279,200,true,,,12338
count-removal-20261007-load-vu30-r1-test_528,search-frequent-authenticated,0,0,24,21,0,1791363735338,873.546,200,true,,,12338
count-removal-20261007-load-vu30-r1-test_528,search-frequent-authenticated,0,0,24,22,0,1791363736211,907.018,200,true,,,12338
count-removal-20261007-load-vu30-r1-test_528,search-frequent-authenticated,0,0,24,23,0,1791363737119,1313.422,200,true,,,12338
count-removal-20261007-load-vu30-r1-test_528,search-frequent-authenticated,0,0,24,24,0,1791363738432,946.544,200,true,,,12338
count-removal-20261007-load-vu30-r1-test_528,search-frequent-authenticated,0,0,24,25,0,1791363739379,842.210,200,true,,,12338
count-removal-20261007-load-vu30-r1-test_528,search-frequent-authenticated,0,0,24,26,0,1791363740222,622.154,200,true,,,12338
count-removal-20261007-load-vu30-r1-test_528,search-frequent-authenticated,0,0,24,27,0,1791363740844,907.434,200,true,,,12338
count-removal-20261007-load-vu30-r1-test_528,search-frequent-authenticated,0,0,24,28,0,1791363741752,643.023,200,true,,,12338
count-removal-20261007-load-vu30-r1-test_528,search-frequent-authenticated,0,0,24,29,0,1791363742395,580.462,200,true,,,12338
count-removal-20261007-load-vu30-r1-test_528,search-frequent-authenticated,0,0,24,30,0,1791363742976,1482.108,200,true,,,12338
count-removal-20261007-load-vu30-r1-test_528,search-frequent-authenticated,0,0,24,31,0,1791363744458,1160.211,200,true,,,12338
count-removal-20261007-load-vu30-r1-test_528,search-frequent-authenticated,0,0,24,32,0,1791363745619,2984.573,200,true,,,12338
count-removal-20261007-load-vu30-r1-test_528,search-frequent-authenticated,0,0,24,33,0,1791363748604,1345.128,200,true,,,12338
count-removal-20261007-load-vu30-r1-test_528,search-frequent-authenticated,0,0,24,34,0,1791363749949,967.803,200,true,,,12338
count-removal-20261007-load-vu30-r1-test_528,search-frequent-authenticated,0,0,24,35,0,1791363750917,783.530,200,true,,,12338
count-removal-20261007-load-vu30-r1-test_528,search-frequent-authenticated,0,0,24,36,0,1791363751701,886.401,200,true,,,12338
count-removal-20261007-load-vu30-r1-test_528,search-frequent-authenticated,0,0,24,37,0,1791363752588,1154.708,200,true,,,12338
count-removal-20261007-load-vu30-r1-test_528,search-frequent-authenticated,0,0,24,38,0,1791363753743,684.527,200,true,,,12338
count-removal-20261007-load-vu30-r1-test_528,search-frequent-authenticated,0,0,24,39,0,1791363754427,859.631,200,true,,,12338
count-removal-20261007-load-vu30-r1-test_528,search-frequent-authenticated,0,0,24,40,0,1791363755287,1203.922,200,true,,,12338
count-removal-20261007-load-vu30-r1-test_528,search-frequent-authenticated,0,0,24,41,0,1791363756491,682.667,200,true,,,12338
count-removal-20261007-load-vu30-r1-test_528,search-frequent-authenticated,0,0,24,42,0,1791363757174,866.219,200,true,,,12338
count-removal-20261007-load-vu30-r1-test_528,search-frequent-authenticated,0,0,24,43,0,1791363758041,732.478,200,true,,,12338
count-removal-20261007-load-vu30-r1-test_528,search-frequent-authenticated,0,0,24,44,0,1791363758773,984.905,200,true,,,12338
count-removal-20261007-load-vu30-r1-test_528,search-frequent-authenticated,0,0,24,45,0,1791363759750,1073.241,200,true,,,12338
count-removal-20261007-load-vu30-r1-test_528,search-frequent-authenticated,0,0,24,46,0,1791363760824,797.473,200,true,,,12338
count-removal-20261007-load-vu30-r1-test_528,search-frequent-authenticated,0,0,24,47,0,1791363761622,788.659,200,true,,,12338
count-removal-20261007-load-vu30-r1-test_528,search-frequent-authenticated,0,0,24,48,0,1791363762411,833.788,200,true,,,12338
count-removal-20261007-load-vu30-r1-test_528,search-frequent-authenticated,0,0,24,49,0,1791363763245,1041.773,200,true,,,12338
count-removal-20261007-load-vu30-r1-test_528,search-frequent-authenticated,0,0,24,50,0,1791363764287,872.357,200,true,,,12338
count-removal-20261007-load-vu30-r1-test_528,search-frequent-authenticated,0,0,24,51,0,1791363765160,851.350,200,true,,,12338
count-removal-20261007-load-vu30-r1-test_528,search-frequent-authenticated,0,0,24,52,0,1791363766011,1009.571,200,true,,,12338
count-removal-20261007-load-vu30-r1-test_528,search-frequent-authenticated,0,0,24,53,0,1791363767021,627.836,200,true,,,12338
count-removal-20261007-load-vu30-r1-test_528,search-frequent-authenticated,0,0,24,54,0,1791363767650,608.146,200,true,,,12338
count-removal-20261007-load-vu30-r1-test_528,search-frequent-authenticated,0,0,24,55,0,1791363768258,790.423,200,true,,,12338
count-removal-20261007-load-vu30-r1-test_528,search-frequent-authenticated,0,0,24,56,0,1791363769049,884.707,200,true,,,12338
count-removal-20261007-load-vu30-r1-test_528,search-frequent-authenticated,0,0,24,57,0,1791363769934,937.979,200,true,,,12338
count-removal-20261007-load-vu30-r1-test_528,search-frequent-authenticated,0,0,24,58,0,1791363770872,1237.219,200,true,,,12338
count-removal-20261007-load-vu30-r1-test_528,search-frequent-authenticated,0,0,24,59,0,1791363772109,584.483,200,true,,,12338
count-removal-20261007-load-vu30-r1-test_528,search-frequent-authenticated,0,0,24,60,0,1791363772694,1127.787,200,true,,,12338
count-removal-20261007-load-vu30-r1-test_528,search-frequent-authenticated,0,0,24,61,0,1791363773822,1242.463,200,true,,,12338
count-removal-20261007-load-vu30-r1-test_528,search-frequent-authenticated,0,0,24,62,0,1791363775065,1158.414,200,true,,,12338
count-removal-20261007-load-vu30-r1-test_528,search-frequent-authenticated,0,0,24,63,0,1791363776224,1671.819,200,true,,,12338
count-removal-20261007-load-vu30-r1-test_528,search-frequent-authenticated,0,0,24,64,0,1791363777896,985.435,200,true,,,12338
count-removal-20261007-load-vu30-r1-test_528,search-frequent-authenticated,0,0,24,65,0,1791363778881,962.193,200,true,,,12338
count-removal-20261007-load-vu30-r1-test_528,search-frequent-authenticated,0,0,24,66,0,1791363779844,1227.587,200,true,,,12338
count-removal-20261007-load-vu30-r1-test_528,search-frequent-authenticated,0,0,24,67,0,1791363781072,1218.058,200,true,,,12338
count-removal-20261007-load-vu30-r1-test_528,search-frequent-authenticated,0,0,24,68,0,1791363782290,859.642,200,true,,,12338
count-removal-20261007-load-vu30-r1-test_528,search-frequent-authenticated,0,0,24,69,0,1791363783150,1103.395,200,true,,,12338
count-removal-20261007-load-vu30-r1-test_528,search-frequent-authenticated,0,0,24,70,0,1791363784254,1224.049,200,true,,,12338
count-removal-20261007-load-vu30-r1-test_528,search-frequent-authenticated,0,0,24,71,0,1791363785478,926.383,200,true,,,12338
count-removal-20261007-load-vu30-r1-test_528,search-frequent-authenticated,0,0,24,72,0,1791363786405,807.133,200,true,,,12338
count-removal-20261007-load-vu30-r1-test_528,search-frequent-authenticated,0,0,24,73,0,1791363787212,893.148,200,true,,,12338
count-removal-20261007-load-vu30-r1-test_528,search-frequent-authenticated,0,0,24,74,0,1791363788106,740.278,200,true,,,12338
count-removal-20261007-load-vu30-r1-test_528,search-frequent-authenticated,0,0,24,75,0,1791363788846,1022.492,200,true,,,12338
count-removal-20261007-load-vu30-r1-test_528,search-frequent-authenticated,0,0,24,76,0,1791363789861,707.360,200,true,,,12338
count-removal-20261007-load-vu30-r1-test_528,search-frequent-authenticated,0,0,24,77,0,1791363790569,712.352,200,true,,,12338
count-removal-20261007-load-vu30-r1-test_528,search-frequent-authenticated,0,0,24,78,0,1791363791281,906.986,200,true,,,12338
count-removal-20261007-load-vu30-r1-test_528,search-frequent-authenticated,0,0,24,79,0,1791363792189,814.890,200,true,,,12338
count-removal-20261007-load-vu30-r1-test_528,search-frequent-authenticated,0,0,24,80,0,1791363793004,1112.849,200,true,,,12338
count-removal-20261007-load-vu30-r1-test_528,search-frequent-authenticated,0,0,24,81,0,1791363794117,1403.197,200,true,,,12338
count-removal-20261007-load-vu30-r1-test_528,search-frequent-authenticated,0,0,24,82,0,1791363795520,1566.278,200,true,,,12338
count-removal-20261007-load-vu30-r1-test_528,search-frequent-authenticated,0,0,24,83,0,1791363797087,2679.409,200,true,,,12338
count-removal-20261007-load-vu30-r1-test_528,search-frequent-authenticated,0,0,24,84,0,1791363799767,2066.489,200,true,,,12338
count-removal-20261007-load-vu30-r1-test_528,search-frequent-authenticated,0,0,24,85,0,1791363801833,631.948,200,true,,,12338
count-removal-20261007-load-vu30-r1-test_528,search-frequent-authenticated,0,0,24,86,0,1791363802465,1251.187,200,true,,,12338
count-removal-20261007-load-vu30-r1-test_528,search-frequent-authenticated,0,0,24,87,0,1791363803717,1046.007,200,true,,,12338
count-removal-20261007-load-vu30-r1-test_528,search-frequent-authenticated,0,0,24,88,0,1791363804763,746.946,200,true,,,12338
count-removal-20261007-load-vu30-r1-test_528,search-frequent-authenticated,0,0,24,89,0,1791363805510,792.950,200,true,,,12338
count-removal-20261007-load-vu30-r1-test_528,search-frequent-authenticated,0,0,24,90,0,1791363806303,746.071,200,true,,,12338
count-removal-20261007-load-vu30-r1-test_528,search-frequent-authenticated,0,0,24,91,0,1791363807050,898.052,200,true,,,12338
count-removal-20261007-load-vu30-r1-test_528,search-frequent-authenticated,0,0,24,92,0,1791363807948,1027.404,200,true,,,12338
count-removal-20261007-load-vu30-r1-test_528,search-frequent-authenticated,0,0,24,93,0,1791363808976,532.893,200,true,,,12338
count-removal-20261007-load-vu30-r1-test_528,search-frequent-authenticated,0,0,24,94,0,1791363809509,373.468,200,true,,,12338
count-removal-20261007-load-vu30-r1-test_528,search-frequent-authenticated,0,0,24,95,0,1791363809883,537.446,200,true,,,12338
count-removal-20261007-load-vu30-r1-test_528,search-frequent-authenticated,0,0,24,96,0,1791363810420,649.557,200,true,,,12338
count-removal-20261007-load-vu30-r1-test_528,search-frequent-authenticated,0,0,24,97,0,1791363811070,846.110,200,true,,,12338
count-removal-20261007-load-vu30-r1-test_528,search-frequent-authenticated,0,0,24,98,0,1791363811916,355.529,200,true,,,12338
count-removal-20261007-load-vu30-r1-test_528,search-frequent-authenticated,0,0,24,99,0,1791363812272,338.248,200,true,,,12338
